['Afghanistan', 0.0, 0.0, 0.0, 0.0, 0.0, 0.0, 0.0, 0.0, 0.2, 2.4, 4.0, 7.4, 15.2, 23.4, 33.0, 44.4, 61.4, 89.2, 114.4, 143.2, 180.0, 215.6, 242.8, 287.6, 368.4, 454.4, 531.6, 622.2, 717.2, 818.0, 936.4, 1031.6, 1158.0, 1212.0, 1268.0, 1283.0, 1350.4]
['Albania', 0.0, 0.0, 0.0, 0.0, 0.0, 0.0, 0.4, 1.0, 2.0, 5.6, 12.2, 18.8, 22.6, 24.2, 26.0, 27.2, 30.0, 31.0, 31.0, 31.0, 31.0, 31.8, 33.0, 33.0, 34.0, 35.8, 39.8, 45.8, 55.8, 71.2, 82.2, 95.0, 109.4, 124.4, 146.8, 166.4, 209.0]
['Algeria', 0.0, 0.0, 0.0, 0.0, 0.0, 0.0, 0.2, 3.4, 11.8, 21.6, 39.4, 129.2, 232.8, 323.2, 376.4, 413.6, 443.2, 466.6, 494.8, 528.8, 561.4, 600.0, 638.0, 674.4, 715.2, 759.2, 812.0, 861.0, 898.2, 936.6, 977.8, 1020.2, 1068.4, 1123.4, 1175.6, 1230.2, 1331.8]
['Andorra', 0.0, 0.0, 0.0, 0.0, 0.0, 0.0, 0.0, 0.0, 0.2, 1.8, 8.6, 17.4, 24.4, 31.0, 36.0, 38.8, 41.6, 45.2, 47.6, 49.2, 51.0, 51.0, 51.0, 51.0, 51.0, 51.0, 52.0, 52.0, 52.0, 52.0, 52.0, 52.0, 52.0, 52.0, 52.0, 52.0, 52.6]
['Angola', 0.0, 0.0, 0.0, 0.0, 0.0, 0.0, 0.0, 0.0, 0.0, 0.0, 1.6, 2.0, 2.0, 2.0, 2.0, 2.0, 2.0, 2.0, 2.0, 2.0, 2.8, 3.8, 4.0, 4.0, 4.0, 5.6, 7.6, 9.8, 11.0, 17.6, 21.2, 25.6, 28.8, 34.0, 45.4, 55.6, 80.8]
['Antigua and Barbuda', 0.0, 0.0, 0.0, 0.0, 0.0, 0.0, 0.0, 0.0, 0.0, 0.0, 0.0, 0.0, 1.8, 2.2, 3.0, 3.0, 3.0, 3.0, 3.0, 3.0, 3.0, 3.0, 3.0, 3.0, 3.0, 3.0, 3.0, 3.0, 3.0, 3.0, 3.0, 3.0, 3.0, 3.0, 3.0, 3.0, 3.0]
['Argentina', 0.0, 0.0, 0.0, 0.0, 0.0, 0.0, 1.0, 2.0, 3.2, 8.0, 23.0, 42.0, 71.2, 103.0, 133.4, 174.0, 212.2, 256.0, 298.8, 344.0, 393.4, 456.2, 519.0, 589.6, 691.4, 810.4, 942.0, 1079.6, 1242.0, 1432.2, 1682.8, 1915.2, 2228.6, 2696.0, 3181.2, 3715.8, 5174.0]
['Armenia', 0.0, 0.0, 0.0, 0.0, 0.0, 0.0, 0.0, 0.0, 0.0, 0.4, 2.8, 7.2, 10.4, 15.6, 21.0, 26.2, 30.8, 37.4, 44.0, 50.2, 64.4, 82.0, 117.8, 165.2, 209.0, 264.2, 311.0, 373.0, 426.6, 468.4, 519.2, 574.0, 629.8, 684.0, 717.2, 754.2, 805.6]
['Austria', 0.0, 0.0, 0.0, 0.0, 0.0, 0.0, 0.2, 1.8, 8.0, 37.2, 107.2, 187.2, 293.4, 381.0, 457.4, 528.0, 574.2, 601.6, 615.2, 626.0, 631.2, 639.6, 663.4, 669.8, 672.2, 676.2, 686.4, 692.8, 701.6, 705.2, 706.0, 708.2, 711.0, 711.0, 714.4, 718.2, 724.0]
['Azerbaijan', 0.0, 0.0, 0.0, 0.0, 0.0, 0.0, 0.0, 1.0, 1.0, 2.0, 4.4, 5.8, 9.2, 12.8, 18.2, 20.6, 23.2, 26.0, 30.2, 35.0, 41.4, 49.4, 58.4, 75.0, 93.0, 115.4, 137.8, 167.2, 199.4, 234.8, 274.6, 312.4, 348.2, 392.0, 429.8, 461.0, 497.6]
['Bahamas', 0.0, 0.0, 0.0, 0.0, 0.0, 0.0, 0.0, 0.0, 0.0, 0.0, 0.2, 3.0, 7.4, 8.0, 9.0, 10.6, 11.0, 11.0, 11.0, 11.0, 11.0, 11.0, 11.0, 11.0, 11.0, 11.0, 11.0, 11.0, 11.0, 11.0, 11.0, 11.0, 11.0, 11.0, 11.6, 14.0, 15.4]
['Bahrain', 0.0, 0.0, 0.0, 0.0, 0.0, 0.0, 0.0, 0.4, 1.2, 3.4, 4.0, 4.0, 5.4, 6.6, 7.0, 7.8, 8.0, 8.0, 8.0, 10.6, 12.0, 13.4, 16.2, 20.2, 27.4, 39.0, 53.6, 67.0, 81.0, 94.8, 100.2, 109.8, 124.6, 133.2, 142.4, 148.4, 165.8]
['Bangladesh', 0.0, 0.0, 0.0, 0.0, 0.0, 0.0, 0.0, 0.0, 1.4, 4.4, 5.2, 8.2, 23.0, 45.8, 92.2, 132.6, 161.6, 180.6, 217.2, 282.8, 368.2, 477.4, 589.0, 743.8, 930.2, 1132.6, 1344.6, 1542.8, 1744.8, 1966.2, 2191.4, 2385.8, 2582.0, 2794.2, 3002.2, 3163.0, 3514.0]
['Barbados', 0.0, 0.0, 0.0, 0.0, 0.0, 0.0, 0.0, 0.0, 0.0, 0.0, 0.0, 0.6, 3.4, 4.4, 5.0, 5.8, 6.6, 7.0, 7.0, 7.0, 7.0, 7.0, 7.0, 7.0, 7.0, 7.0, 7.0, 7.0, 7.0, 7.0, 7.0, 7.0, 7.0, 7.0, 7.0, 7.0, 7.0]
['Belarus', 0.0, 0.0, 0.0, 0.0, 0.0, 0.0, 0.0, 0.0, 0.0, 0.0, 0.6, 6.8, 16.8, 32.8, 48.0, 64.0, 84.0, 103.6, 125.8, 151.0, 175.0, 199.0, 224.2, 248.6, 275.6, 302.8, 330.6, 356.6, 382.4, 411.2, 442.2, 469.0, 494.6, 518.6, 543.2, 566.8, 595.6]
['Belgium', 0.0, 0.0, 0.0, 0.0, 0.0, 0.0, 1.2, 5.2, 42.8, 179.4, 566.0, 1303.2, 2632.6, 4191.4, 5625.0, 6688.4, 7467.2, 7977.6, 8576.0, 8894.2, 9115.2, 9275.0, 9420.4, 9525.4, 9605.8, 9649.6, 9682.4, 9710.6, 9734.8, 9764.4, 9776.6, 9784.2, 9800.0, 9812.6, 9830.4, 9846.6, 9900.8]
['Belize', 0.0, 0.0, 0.0, 0.0, 0.0, 0.0, 0.0, 0.0, 0.0, 0.0, 0.0, 0.2, 1.4, 2.0, 2.0, 2.0, 2.0, 2.0, 2.0, 2.0, 2.0, 2.0, 2.0, 2.0, 2.0, 2.0, 2.0, 2.0, 2.0, 2.0, 2.0, 2.0, 2.0, 2.0, 2.0, 2.0, 2.2]
['Benin', 0.0, 0.0, 0.0, 0.0, 0.0, 0.0, 0.0, 0.0, 0.0, 0.0, 0.0, 0.2, 1.0, 1.0, 1.0, 1.0, 1.2, 2.0, 2.0, 2.0, 2.2, 3.0, 3.0, 3.0, 3.6, 6.0, 10.2, 13.2, 16.8, 21.0, 21.8, 26.0, 30.4, 33.4, 35.4, 36.4, 38.0]
['Bhutan', 0.0, 0.0, 0.0, 0.0, 0.0, 0.0, 0.0, 0.0, 0.0, 0.0, 0.0, 0.0, 0.0, 0.0, 0.0, 0.0, 0.0, 0.0, 0.0, 0.0, 0.0, 0.0, 0.0, 0.0, 0.0, 0.0, 0.0, 0.0, 0.0, 0.0, 0.0, 0.0, 0.0, 0.0, 0.0, 0.0, 0.0]
['Bolivia', 0.0, 0.0, 0.0, 0.0, 0.0, 0.0, 0.0, 0.0, 0.0, 0.0, 3.6, 9.6, 17.2, 27.2, 32.2, 44.0, 59.0, 81.2, 112.4, 150.2, 189.2, 251.0, 299.2, 392.2, 478.6, 584.0, 698.0, 845.6, 1022.4, 1320.8, 1584.6, 1853.4, 2101.6, 2403.2, 2730.4, 3148.4, 3824.6]
['Bosnia and Herzegovina', 0.0, 0.0, 0.0, 0.0, 0.0, 0.0, 0.0, 0.0, 0.4, 2.8, 9.4, 21.2, 35.0, 40.4, 48.2, 55.6, 65.4, 78.4, 102.0, 123.2, 135.2, 144.2, 152.6, 157.2, 159.8, 163.0, 168.4, 172.0, 180.8, 190.0, 209.0, 225.4, 247.0, 273.2, 303.0, 353.0, 450.4]
['Botswana', 0.0, 0.0, 0.0, 0.0, 0.0, 0.0, 0.0, 0.0, 0.0, 0.0, 0.4, 1.0, 1.0, 1.0, 1.0, 1.0, 1.0, 1.0, 1.0, 1.0, 1.0, 1.0, 1.0, 1.0, 1.0, 1.0, 1.0, 1.0, 1.0, 1.0, 1.0, 1.0, 1.0, 1.0, 1.8, 2.0, 2.4]
['Brazil', 0.0, 0.0, 0.0, 0.0, 0.0, 0.0, 0.0, 0.2, 12.0, 61.6, 169.4, 435.6, 927.2, 1548.6, 2457.0, 3656.8, 5523.4, 7541.0, 10527.8, 14064.8, 17972.0, 22742.4, 27675.6, 32546.2, 37521.0, 42551.6, 47685.8, 52661.6, 57712.2, 62964.4, 67954.8, 73180.2, 78583.8, 84005.4, 88911.6, 94125.2, 103986.4]
['Brunei', 0.0, 0.0, 0.0, 0.0, 0.0, 0.0, 0.0, 0.0, 0.0, 0.0, 1.0, 1.0, 1.0, 1.0, 1.0, 1.0, 1.0, 1.0, 1.0, 1.0, 1.0, 1.0, 2.0, 2.0, 2.0, 2.0, 3.0, 3.0, 3.0, 3.0, 3.0, 3.0, 3.0, 3.0, 3.0, 3.0, 3.0]
['Bulgaria', 0.0, 0.0, 0.0, 0.0, 0.0, 0.0, 0.4, 1.8, 2.8, 3.0, 8.2, 16.6, 24.8, 34.0, 42.4, 53.2, 62.8, 77.4, 88.8, 99.4, 113.2, 128.2, 136.4, 147.2, 163.6, 172.4, 189.4, 206.8, 220.6, 238.0, 258.4, 276.6, 299.4, 327.6, 356.8, 395.0, 477.2]
['Burkina Faso', 0.0, 0.0, 0.0, 0.0, 0.0, 0.0, 0.0, 0.0, 1.8, 5.6, 13.0, 16.6, 23.4, 29.6, 36.6, 40.8, 42.8, 46.2, 48.6, 51.0, 51.4, 52.0, 53.0, 53.0, 53.0, 53.0, 53.0, 53.0, 53.0, 53.0, 53.0, 53.0, 53.0, 53.0, 53.0, 53.2, 54.0]
['Burma', 0.0, 0.0, 0.0, 0.0, 0.0, 0.0, 0.0, 0.0, 0.0, 0.0, 0.4, 1.0, 2.6, 4.0, 4.8, 5.0, 5.6, 6.0, 6.0, 6.0, 6.0, 6.0, 6.0, 6.0, 6.0, 6.0, 6.0, 6.0, 6.0, 6.0, 6.0, 6.0, 6.0, 6.0, 6.0, 6.0, 6.0]
['Burundi', 0.0, 0.0, 0.0, 0.0, 0.0, 0.0, 0.0, 0.0, 0.0, 0.0, 0.0, 0.0, 0.0, 0.8, 1.0, 1.0, 1.0, 1.0, 1.0, 1.0, 1.0, 1.0, 1.0, 1.0, 1.0, 1.0, 1.0, 1.0, 1.0, 1.0, 1.0, 1.0, 1.0, 1.0, 1.0, 1.0, 1.0]
['Cabo Verde', 0.0, 0.0, 0.0, 0.0, 0.0, 0.0, 0.0, 0.0, 0.0, 0.8, 1.0, 1.0, 1.0, 1.0, 1.0, 1.0, 1.0, 2.0, 2.0, 2.2, 3.0, 3.2, 4.0, 4.8, 5.0, 6.2, 7.4, 8.0, 12.2, 15.6, 18.0, 19.0, 20.2, 21.4, 22.4, 24.4, 32.8]
['Cambodia', 0.0, 0.0, 0.0, 0.0, 0.0, 0.0, 0.0, 0.0, 0.0, 0.0, 0.0, 0.0, 0.0, 0.0, 0.0, 0.0, 0.0, 0.0, 0.0, 0.0, 0.0, 0.0, 0.0, 0.0, 0.0, 0.0, 0.0, 0.0, 0.0, 0.0, 0.0, 0.0, 0.0, 0.0, 0.0, 0.0, 0.0]
['Cameroon', 0.0, 0.0, 0.0, 0.0, 0.0, 0.0, 0.0, 0.0, 0.0, 0.8, 5.2, 8.4, 10.6, 15.4, 34.2, 47.6, 59.8, 72.8, 112.6, 136.0, 144.4, 164.6, 181.8, 201.4, 212.0, 224.8, 282.2, 310.0, 313.0, 313.0, 349.8, 359.0, 373.0, 383.2, 389.8, 391.0, 399.2]
['Central African Republic', 0.0, 0.0, 0.0, 0.0, 0.0, 0.0, 0.0, 0.0, 0.0, 0.0, 0.0, 0.0, 0.0, 0.0, 0.0, 0.0, 0.0, 0.0, 0.0, 0.0, 0.0, 0.8, 1.2, 4.0, 5.0, 6.6, 17.8, 33.6, 44.8, 47.6, 52.2, 53.0, 54.2, 57.6, 59.0, 59.0, 60.8]
['Chad', 0.0, 0.0, 0.0, 0.0, 0.0, 0.0, 0.0, 0.0, 0.0, 0.0, 0.0, 0.0, 0.0, 0.0, 0.0, 0.0, 2.8, 12.8, 29.6, 45.2, 55.4, 60.2, 64.8, 66.4, 70.2, 72.4, 74.0, 74.0, 74.0, 74.0, 74.0, 74.8, 75.0, 75.0, 75.0, 75.0, 76.0]
['Chile', 0.0, 0.0, 0.0, 0.0, 0.0, 0.0, 0.0, 0.0, 0.2, 3.2, 9.8, 27.6, 57.2, 90.6, 132.2, 174.4, 216.4, 266.6, 303.6, 372.8, 514.0, 717.6, 945.2, 1276.0, 2040.0, 3060.8, 3845.4, 4624.0, 5437.4, 6044.8, 6570.8, 7027.8, 8243.6, 8834.2, 9238.8, 9610.0, 10232.2]
['Colombia', 0.0, 0.0, 0.0, 0.0, 0.0, 0.0, 0.0, 0.0, 0.4, 4.4, 12.2, 31.4, 70.6, 124.6, 176.6, 224.6, 281.4, 359.4, 444.4, 527.0, 612.2, 728.0, 861.4, 1051.0, 1315.4, 1603.6, 1957.2, 2419.2, 3107.2, 3778.8, 4547.0, 5464.0, 6499.6, 7694.2, 9128.0, 10683.4, 13820.6]
['Comoros', 0.0, 0.0, 0.0, 0.0, 0.0, 0.0, 0.0, 0.0, 0.0, 0.0, 0.0, 0.0, 0.0, 0.0, 0.0, 0.0, 0.0, 0.2, 1.0, 1.0, 1.0, 1.0, 2.0, 2.0, 2.0, 2.0, 4.2, 6.2, 7.0, 7.0, 7.0, 7.0, 7.0, 7.0, 7.0, 7.0, 7.0]
['Congo (Brazzaville)', 0.0, 0.0, 0.0, 0.0, 0.0, 0.0, 0.0, 0.0, 0.0, 0.0, 0.0, 3.2, 5.0, 5.0, 6.0, 6.0, 8.0, 9.6, 10.2, 13.4, 15.2, 16.0, 19.2, 20.0, 22.8, 24.6, 27.0, 35.0, 37.0, 42.8, 45.8, 47.0, 49.0, 50.4, 53.4, 55.6, 59.6]
['Congo (Kinshasa)', 0.0, 0.0, 0.0, 0.0, 0.0, 0.0, 0.0, 0.0, 0.4, 2.2, 7.4, 16.0, 18.8, 20.6, 24.6, 26.2, 30.2, 33.8, 39.2, 51.0, 61.0, 64.8, 69.4, 75.6, 88.2, 104.8, 118.2, 136.8, 159.2, 178.8, 184.8, 190.0, 193.4, 199.8, 209.0, 215.0, 229.2]
['Costa Rica', 0.0, 0.0, 0.0, 0.0, 0.0, 0.0, 0.0, 0.0, 1.2, 2.0, 2.0, 2.0, 2.8, 3.4, 5.0, 6.0, 6.0, 6.0, 6.4, 8.4, 10.0, 10.0, 10.0, 10.0, 10.8, 12.0, 12.0, 12.0, 14.4, 18.0, 24.4, 33.8, 54.2, 80.8, 123.4, 163.6, 263.0]
['"Cote dIvoire"', 0.0, 0.0, 0.0, 0.0, 0.0, 0.0, 0.0, 0.0, 0.0, 0.0, 0.8, 1.8, 3.2, 5.8, 9.0, 14.0, 14.2, 17.0, 20.6, 23.6, 28.2, 29.8, 32.2, 34.4, 37.8, 44.4, 48.8, 57.2, 66.0, 70.4, 77.8, 84.8, 89.8, 93.4, 97.8, 102.2, 106.0]
['Croatia', 0.0, 0.0, 0.0, 0.0, 0.0, 0.0, 0.0, 0.0, 0.8, 1.8, 5.8, 11.6, 19.8, 29.4, 43.4, 51.6, 66.6, 80.8, 88.0, 93.8, 95.8, 99.6, 102.4, 103.0, 104.8, 106.8, 107.0, 107.0, 107.0, 111.2, 114.4, 119.2, 120.4, 127.4, 140.0, 149.2, 160.4]
['Cuba', 0.0, 0.0, 0.0, 0.0, 0.0, 0.0, 0.0, 0.0, 1.0, 1.4, 4.4, 7.0, 13.8, 22.2, 34.2, 47.4, 59.4, 68.0, 75.0, 78.8, 79.2, 81.6, 82.4, 83.0, 83.0, 84.0, 84.6, 85.0, 85.8, 86.0, 86.0, 87.0, 87.0, 87.0, 87.0, 87.2, 88.2]
['Cyprus', 0.0, 0.0, 0.0, 0.0, 0.0, 0.0, 0.0, 0.0, 0.2, 3.0, 6.8, 10.0, 9.6, 11.8, 12.0, 13.6, 15.0, 15.0, 15.4, 16.8, 17.0, 17.0, 17.0, 17.0, 18.0, 18.0, 18.6, 19.0, 19.0, 19.0, 19.0, 19.0, 19.0, 19.0, 19.0, 19.0, 19.8]
['Czechia', 0.0, 0.0, 0.0, 0.0, 0.0, 0.0, 0.0, 0.0, 0.2, 5.6, 24.0, 60.2, 109.4, 155.4, 187.0, 214.0, 230.6, 252.8, 276.2, 291.4, 301.4, 315.0, 318.8, 324.4, 328.0, 328.8, 333.8, 339.8, 348.6, 350.8, 351.2, 353.4, 357.8, 365.4, 374.2, 383.6, 391.4]
['Diamond Princess', 0.0, 0.0, 0.8, 3.0, 5.6, 6.0, 6.4, 7.0, 7.4, 9.6, 10.2, 11.0, 11.0, 11.6, 13.0, 13.0, 13.0, 13.0, 13.0, 13.0, 13.0, 13.0, 13.0, 13.0, 13.0, 13.0, 13.0, 13.0, 13.0, 13.0, 13.0, 13.0, 13.0, 13.0, 13.0, 13.0, 13.0]
['Djibouti', 0.0, 0.0, 0.0, 0.0, 0.0, 0.0, 0.0, 0.0, 0.0, 0.0, 0.0, 0.0, 0.6, 2.0, 2.0, 2.0, 2.0, 2.2, 3.0, 3.4, 7.4, 11.6, 20.8, 25.4, 30.6, 40.4, 43.8, 49.2, 52.6, 55.0, 55.4, 56.0, 56.0, 57.6, 58.0, 58.6, 59.0]
['Dominica', 0.0, 0.0, 0.0, 0.0, 0.0, 0.0, 0.0, 0.0, 0.0, 0.0, 0.0, 0.0, 0.0, 0.0, 0.0, 0.0, 0.0, 0.0, 0.0, 0.0, 0.0, 0.0, 0.0, 0.0, 0.0, 0.0, 0.0, 0.0, 0.0, 0.0, 0.0, 0.0, 0.0, 0.0, 0.0, 0.0, 0.0]
['Dominican Republic', 0.0, 0.0, 0.0, 0.0, 0.0, 0.0, 0.0, 0.2, 2.0, 9.8, 43.4, 72.8, 117.0, 183.6, 224.6, 268.6, 295.0, 344.2, 383.8, 417.0, 439.4, 460.0, 489.4, 515.6, 541.4, 580.6, 637.0, 679.0, 727.2, 774.8, 832.0, 903.8, 965.6, 1020.2, 1103.2, 1180.8, 1369.4]
['Ecuador', 0.0, 0.0, 0.0, 0.0, 0.0, 0.0, 0.0, 1.6, 6.2, 28.6, 66.8, 161.6, 263.4, 369.6, 475.6, 565.0, 876.0, 1538.2, 1869.4, 2456.2, 2840.2, 3133.2, 3322.8, 3460.4, 3656.2, 3849.4, 4075.2, 4267.4, 4457.6, 4693.0, 4881.2, 5085.8, 5274.0, 5439.6, 5582.2, 5749.8, 5981.4]
['Egypt', 0.0, 0.0, 0.0, 0.0, 0.0, 0.0, 1.0, 2.4, 8.8, 22.8, 43.0, 71.6, 119.2, 176.0, 236.4, 296.2, 374.8, 440.2, 511.4, 575.0, 662.0, 757.2, 882.4, 1087.4, 1270.8, 1506.0, 1935.4, 2363.8, 2788.4, 3195.6, 3558.8, 3927.4, 4242.6, 4479.0, 4690.2, 4860.8, 5082.0]
['El Salvador', 0.0, 0.0, 0.0, 0.0, 0.0, 0.0, 0.0, 0.0, 0.0, 0.0, 0.4, 2.8, 5.4, 6.0, 7.0, 7.8, 9.0, 12.8, 16.6, 22.8, 30.8, 34.4, 42.4, 50.2, 57.2, 71.2, 83.2, 112.6, 153.2, 200.4, 235.8, 269.0, 322.0, 371.2, 418.8, 467.4, 577.8]
['Equatorial Guinea', 0.0, 0.0, 0.0, 0.0, 0.0, 0.0, 0.0, 0.0, 0.0, 0.0, 0.0, 0.0, 0.0, 0.0, 0.0, 1.0, 1.0, 2.4, 4.0, 6.2, 7.6, 11.4, 12.0, 12.0, 12.0, 12.0, 32.0, 32.0, 32.0, 47.2, 51.0, 51.0, 51.0, 51.0, 51.0, 83.0, 83.0]
['Eritrea', 0.0, 0.0, 0.0, 0.0, 0.0, 0.0, 0.0, 0.0, 0.0, 0.0, 0.0, 0.0, 0.0, 0.0, 0.0, 0.0, 0.0, 0.0, 0.0, 0.0, 0.0, 0.0, 0.0, 0.0, 0.0, 0.0, 0.0, 0.0, 0.0, 0.0, 0.0, 0.0, 0.0, 0.0, 0.0, 0.0, 0.0]
['Estonia', 0.0, 0.0, 0.0, 0.0, 0.0, 0.0, 0.0, 0.0, 0.0, 0.6, 3.2, 14.0, 23.4, 31.0, 39.8, 46.0, 50.8, 54.6, 58.6, 62.0, 63.8, 64.4, 66.8, 68.6, 69.0, 69.0, 69.0, 69.0, 69.0, 69.0, 69.0, 69.0, 69.0, 69.0, 69.0, 65.4, 63.0]
['Eswatini', 0.0, 0.0, 0.0, 0.0, 0.0, 0.0, 0.0, 0.0, 0.0, 0.0, 0.0, 0.0, 0.0, 0.2, 1.0, 1.0, 1.0, 1.2, 2.0, 2.0, 2.0, 2.0, 2.0, 3.0, 3.0, 3.4, 4.2, 6.6, 9.8, 12.2, 15.2, 19.6, 21.4, 26.6, 37.0, 44.2, 64.0]
['Ethiopia', 0.0, 0.0, 0.0, 0.0, 0.0, 0.0, 0.0, 0.0, 0.0, 0.0, 0.0, 0.8, 2.4, 3.0, 3.0, 3.0, 3.0, 3.4, 4.6, 5.0, 5.0, 5.2, 8.0, 16.0, 28.2, 51.8, 66.6, 76.6, 97.4, 103.0, 114.0, 132.8, 159.6, 194.8, 241.2, 309.4, 458.8]
['Fiji', 0.0, 0.0, 0.0, 0.0, 0.0, 0.0, 0.0, 0.0, 0.0, 0.0, 0.0, 0.0, 0.0, 0.0, 0.0, 0.0, 0.0, 0.0, 0.0, 0.0, 0.0, 0.0, 0.0, 0.0, 0.0, 0.0, 0.0, 0.0, 0.0, 0.0, 0.0, 0.0, 0.0, 0.0, 0.0, 1.0, 1.0]
['Finland', 0.0, 0.0, 0.0, 0.0, 0.0, 0.0, 0.0, 0.0, 0.4, 3.4, 13.4, 23.8, 42.6, 65.2, 101.0, 174.8, 205.4, 237.6, 263.6, 287.2, 301.8, 307.8, 315.2, 320.6, 323.2, 325.4, 326.0, 326.8, 328.0, 328.6, 329.0, 328.8, 328.0, 328.4, 329.0, 329.4, 333.0]
['Gabon', 0.0, 0.0, 0.0, 0.0, 0.0, 0.0, 0.0, 0.0, 0.6, 1.0, 1.0, 1.0, 1.0, 1.0, 1.0, 2.4, 3.0, 5.6, 8.2, 9.8, 11.6, 12.8, 15.4, 19.8, 21.2, 23.8, 31.8, 38.2, 40.8, 43.2, 46.0, 46.0, 46.0, 47.6, 49.0, 50.2, 51.0]
['Gambia', 0.0, 0.0, 0.0, 0.0, 0.0, 0.0, 0.0, 0.0, 0.0, 1.0, 1.0, 1.0, 1.0, 1.0, 1.0, 1.0, 1.0, 1.0, 1.0, 1.0, 1.0, 1.0, 1.0, 1.0, 1.0, 1.0, 1.2, 2.0, 2.0, 2.0, 3.0, 3.0, 3.6, 5.2, 7.6, 10.0, 36.2]
['Georgia', 0.0, 0.0, 0.0, 0.0, 0.0, 0.0, 0.0, 0.0, 0.0, 0.0, 0.0, 1.0, 3.0, 3.0, 3.8, 5.2, 6.2, 8.8, 10.0, 11.6, 12.0, 12.0, 12.0, 12.8, 13.0, 13.6, 14.0, 14.0, 14.6, 15.0, 15.0, 15.0, 15.2, 16.0, 16.4, 17.0, 17.0]
['Germany', 0.0, 0.0, 0.0, 0.0, 0.0, 0.0, 2.0, 13.6, 63.4, 219.0, 661.2, 1444.0, 2495.0, 3473.2, 4658.4, 5693.4, 6453.2, 6987.8, 7536.2, 7863.6, 8078.6, 8290.6, 8494.4, 8602.6, 8708.2, 8791.2, 8865.6, 8915.2, 8973.4, 9010.8, 9044.0, 9074.6, 9090.4, 9111.0, 9131.8, 9154.4, 9214.2]
['Ghana', 0.0, 0.0, 0.0, 0.0, 0.0, 0.0, 0.0, 0.0, 0.4, 3.2, 5.0, 5.0, 6.2, 8.0, 8.8, 9.8, 15.4, 18.0, 20.4, 25.4, 30.2, 32.0, 34.6, 38.4, 46.4, 50.4, 69.0, 91.0, 108.4, 118.0, 130.2, 138.2, 145.8, 156.2, 170.8, 185.6, 219.8]
['Greece', 0.0, 0.0, 0.0, 0.0, 0.0, 0.0, 0.4, 3.4, 9.0, 22.6, 42.4, 67.2, 87.2, 101.0, 113.6, 128.0, 138.6, 145.2, 150.2, 157.0, 165.4, 171.2, 174.6, 179.4, 181.6, 183.2, 187.8, 190.2, 191.2, 192.0, 192.8, 193.0, 194.0, 200.0, 202.6, 207.6, 217.4]
['Grenada', 0.0, 0.0, 0.0, 0.0, 0.0, 0.0, 0.0, 0.0, 0.0, 0.0, 0.0, 0.0, 0.0, 0.0, 0.0, 0.0, 0.0, 0.0, 0.0, 0.0, 0.0, 0.0, 0.0, 0.0, 0.0, 0.0, 0.0, 0.0, 0.0, 0.0, 0.0, 0.0, 0.0, 0.0, 0.0, 0.0, 0.0]
['Guatemala', 0.0, 0.0, 0.0, 0.0, 0.0, 0.0, 0.0, 0.4, 1.0, 1.0, 1.0, 1.8, 3.0, 5.0, 7.0, 11.6, 15.6, 18.6, 24.6, 29.6, 40.8, 57.2, 89.6, 151.2, 270.8, 367.0, 459.2, 576.8, 724.8, 881.4, 1053.8, 1257.4, 1456.6, 1620.8, 1795.8, 1985.6, 2271.8]
['Guinea', 0.0, 0.0, 0.0, 0.0, 0.0, 0.0, 0.0, 0.0, 0.0, 0.0, 0.0, 0.0, 0.0, 0.4, 4.4, 6.4, 7.0, 8.8, 11.0, 14.2, 17.2, 19.8, 22.0, 23.0, 23.0, 24.6, 26.4, 28.0, 30.8, 33.4, 35.0, 37.4, 39.2, 41.6, 45.2, 46.4, 50.0]
['Guinea-Bissau', 0.0, 0.0, 0.0, 0.0, 0.0, 0.0, 0.0, 0.0, 0.0, 0.0, 0.0, 0.0, 0.0, 0.0, 0.0, 0.2, 1.0, 1.2, 2.6, 3.2, 5.2, 6.4, 7.8, 8.8, 12.0, 14.4, 15.8, 18.6, 22.8, 24.6, 25.2, 26.0, 26.0, 26.0, 26.0, 26.8, 29.0]
['Guyana', 0.0, 0.0, 0.0, 0.0, 0.0, 0.0, 0.2, 1.0, 1.0, 1.0, 1.4, 4.0, 5.8, 6.0, 6.6, 7.2, 8.4, 9.4, 10.0, 10.0, 10.0, 10.4, 11.4, 12.0, 12.0, 12.0, 12.0, 12.0, 12.0, 14.0, 15.8, 17.2, 19.0, 19.4, 20.0, 20.8, 22.0]
['Haiti', 0.0, 0.0, 0.0, 0.0, 0.0, 0.0, 0.0, 0.0, 0.0, 0.0, 0.0, 0.4, 1.6, 3.0, 3.0, 5.2, 6.8, 10.4, 13.4, 18.8, 21.8, 27.4, 37.6, 47.6, 53.8, 68.8, 84.2, 90.6, 101.6, 110.6, 122.2, 140.6, 145.8, 154.4, 158.6, 164.6, 187.4]
['Holy See', 0.0, 0.0, 0.0, 0.0, 0.0, 0.0, 0.0, 0.0, 0.0, 0.0, 0.0, 0.0, 0.0, 0.0, 0.0, 0.0, 0.0, 0.0, 0.0, 0.0, 0.0, 0.0, 0.0, 0.0, 0.0, 0.0, 0.0, 0.0, 0.0, 0.0, 0.0, 0.0, 0.0, 0.0, 0.0, 0.0, 0.0]
['Honduras', 0.0, 0.0, 0.0, 0.0, 0.0, 0.0, 0.0, 0.0, 0.0, 0.4, 5.6, 17.6, 22.8, 28.4, 45.0, 53.2, 67.4, 86.6, 108.8, 129.8, 147.6, 176.8, 199.8, 233.4, 266.2, 308.8, 343.2, 401.2, 482.2, 601.2, 696.2, 793.2, 883.6, 1032.8, 1213.4, 1373.2, 1528.8]
['Hungary', 0.0, 0.0, 0.0, 0.0, 0.0, 0.0, 0.0, 0.6, 3.0, 9.2, 15.0, 30.2, 66.6, 121.2, 185.8, 252.0, 301.2, 352.4, 402.8, 436.2, 464.6, 486.8, 516.2, 534.8, 548.0, 558.4, 567.6, 573.6, 581.4, 587.8, 590.2, 595.0, 595.6, 596.0, 596.0, 597.0, 605.8]
['Iceland', 0.0, 0.0, 0.0, 0.0, 0.0, 0.0, 0.0, 1.2, 0.8, 1.8, 2.0, 4.4, 6.6, 8.0, 9.4, 10.0, 10.0, 10.0, 10.0, 10.0, 10.0, 10.0, 10.0, 10.0, 10.0, 10.0, 10.0, 10.0, 10.0, 10.0, 10.0, 10.0, 10.0, 10.0, 10.0, 10.0, 10.0]
['India', 0.0, 0.0, 0.0, 0.0, 0.0, 0.0, 0.4, 2.2, 4.6, 14.4, 35.2, 93.0, 217.6, 387.0, 560.6, 777.6, 1080.6, 1551.6, 2096.2, 2647.8, 3300.2, 4026.8, 4963.6, 6107.4, 7495.6, 9199.4, 12583.0, 14476.2, 16509.6, 18732.6, 21131.4, 23759.4, 26854.0, 30522.4, 34209.0, 38148.6, 47091.4]
['Indonesia', 0.0, 0.0, 0.0, 0.0, 0.0, 0.0, 0.4, 4.8, 32.4, 65.4, 126.2, 189.8, 274.8, 439.2, 568.6, 686.8, 782.8, 861.4, 959.2, 1048.6, 1216.0, 1371.6, 1535.0, 1698.6, 1883.4, 2094.2, 2329.6, 2538.6, 2767.6, 3043.4, 3359.0, 3660.8, 4045.6, 4546.8, 4910.6, 5250.0, 5896.2]
['Iran', 0.0, 0.0, 1.6, 12.0, 44.6, 109.0, 301.0, 738.0, 1418.6, 2087.0, 2769.6, 3449.6, 4112.8, 4677.6, 5122.6, 5561.2, 5951.8, 6278.8, 6588.2, 6841.8, 7119.2, 7407.0, 7679.8, 8007.4, 8354.4, 8752.0, 9284.2, 9870.8, 10519.6, 11260.6, 12099.6, 13023.4, 13994.2, 15066.8, 16134.2, 17192.0, 18979.4]
['Iraq', 0.0, 0.0, 0.0, 0.0, 0.0, 2.2, 6.8, 10.0, 15.8, 31.0, 46.4, 57.8, 69.0, 78.2, 82.0, 85.0, 91.4, 98.8, 106.4, 116.0, 131.0, 158.2, 187.8, 252.4, 370.4, 552.2, 855.8, 1257.0, 1751.4, 2262.6, 2774.6, 3246.4, 3695.8, 4122.0, 4525.8, 4873.0, 5586.6]
['Ireland', 0.0, 0.0, 0.0, 0.0, 0.0, 0.0, 0.4, 1.8, 3.0, 12.6, 58.4, 137.4, 263.0, 407.0, 625.6, 945.4, 1189.6, 1324.4, 1440.6, 1508.4, 1561.0, 1605.0, 1643.6, 1660.2, 1685.2, 1705.0, 1712.4, 1721.0, 1734.0, 1739.6, 1741.6, 1746.4, 1752.0, 1759.4, 1763.8, 1763.0, 1773.4]
['Israel', 0.0, 0.0, 0.0, 0.0, 0.0, 0.0, 0.0, 0.0, 0.4, 5.8, 17.8, 45.2, 84.0, 122.8, 169.6, 195.0, 215.2, 234.6, 248.4, 264.6, 276.8, 279.8, 283.6, 289.6, 297.8, 300.4, 303.4, 307.6, 317.6, 326.6, 343.8, 365.6, 400.2, 440.4, 484.2, 536.2, 638.0]
['Italy', 0.0, 0.0, 0.2, 6.8, 30.6, 152.8, 660.6, 1835.4, 4143.2, 7549.8, 11595.2, 15273.6, 18278.4, 21049.2, 23678.8, 25926.2, 27644.2, 29134.4, 30370.6, 31351.6, 32180.0, 32793.6, 33239.6, 33613.8, 33973.2, 34281.4, 34507.6, 34657.6, 34734.6, 34830.8, 34909.2, 34969.4, 35038.0, 35089.2, 35120.6, 35155.6, 35222.8]
['Jamaica', 0.0, 0.0, 0.0, 0.0, 0.0, 0.0, 0.0, 0.0, 0.8, 1.0, 1.4, 3.0, 3.8, 4.4, 5.2, 6.6, 7.4, 8.8, 9.0, 9.0, 9.0, 9.0, 9.0, 9.6, 10.0, 10.0, 10.0, 10.0, 10.0, 10.0, 10.0, 10.0, 10.0, 10.0, 10.0, 11.2, 14.0]
['Japan', 0.0, 0.8, 1.8, 2.4, 5.4, 6.8, 13.0, 25.4, 35.0, 45.6, 64.6, 86.4, 115.8, 172.6, 257.2, 361.6, 459.6, 575.2, 651.2, 742.6, 806.4, 850.6, 886.0, 906.6, 918.8, 925.8, 942.0, 962.6, 971.6, 976.8, 981.0, 983.4, 986.0, 992.0, 1001.0, 1014.8, 1065.8]
['Jordan', 0.0, 0.0, 0.0, 0.0, 0.0, 0.0, 0.0, 0.0, 0.0, 0.2, 3.8, 5.2, 6.6, 7.0, 7.0, 7.0, 7.8, 9.0, 9.0, 9.0, 9.0, 9.0, 9.0, 9.0, 9.0, 9.0, 9.0, 9.0, 9.0, 9.6, 10.0, 10.0, 10.6, 11.0, 11.0, 11.0, 11.0]
['Kazakhstan', 0.0, 0.0, 0.0, 0.0, 0.0, 0.0, 0.0, 0.0, 0.6, 0.4, 1.6, 5.2, 8.2, 13.8, 17.8, 22.8, 25.0, 28.0, 31.0, 32.8, 34.8, 35.4, 37.8, 47.4, 58.6, 73.6, 103.2, 131.4, 174.0, 188.0, 264.0, 352.8, 417.0, 585.0, 709.8, 846.0, 1226.8]
['Kenya', 0.0, 0.0, 0.0, 0.0, 0.0, 0.0, 0.0, 0.0, 0.0, 0.4, 1.0, 4.2, 6.6, 9.4, 13.0, 14.0, 16.2, 24.0, 30.6, 42.6, 50.0, 51.0, 60.4, 74.2, 85.8, 99.0, 113.8, 127.6, 142.6, 154.8, 170.8, 195.4, 227.2, 265.0, 300.0, 368.8, 448.4]
['"Korea', 0.0, 0.0, 0.6, 7.6, 17.4, 36.8, 56.6, 73.8, 96.4, 125.4, 156.2, 177.8, 203.0, 221.4, 233.8, 240.6, 247.0, 253.4, 256.4, 260.6, 263.4, 267.4, 269.6, 272.8, 274.4, 277.2, 279.8, 281.2, 282.0, 282.8, 286.6, 289.4, 294.8, 297.6, 300.0, 301.2, 305.0]
['Kosovo', 0.0, 0.0, 0.0, 0.0, 0.0, 0.0, 0.0, 0.0, 0.0, 1.0, 1.0, 1.0, 5.6, 7.8, 12.4, 18.8, 21.8, 23.6, 27.4, 28.8, 29.0, 29.4, 30.0, 30.0, 30.6, 31.6, 33.8, 37.2, 46.4, 56.8, 83.2, 104.0, 129.2, 157.0, 192.4, 245.0, 353.8]
['Kuwait', 0.0, 0.0, 0.0, 0.0, 0.0, 0.0, 0.0, 0.0, 0.0, 0.0, 0.0, 0.6, 1.0, 2.4, 7.6, 16.2, 25.0, 38.6, 52.6, 89.6, 120.8, 155.8, 194.2, 231.2, 267.0, 289.4, 309.8, 333.2, 347.4, 362.0, 378.8, 392.8, 405.8, 420.8, 440.4, 456.6, 488.0]
['Kyrgyzstan', 0.0, 0.0, 0.0, 0.0, 0.0, 0.0, 0.0, 0.0, 0.0, 0.0, 0.0, 1.4, 4.4, 5.0, 5.8, 7.8, 8.0, 10.2, 12.0, 12.8, 14.0, 14.8, 16.0, 19.0, 23.4, 26.8, 31.8, 41.6, 52.0, 76.8, 113.8, 147.8, 662.8, 1172.2, 1323.6, 1406.2, 1482.8]
['Laos', 0.0, 0.0, 0.0, 0.0, 0.0, 0.0, 0.0, 0.0, 0.0, 0.0, 0.0, 0.0, 0.0, 0.0, 0.0, 0.0, 0.0, 0.0, 0.0, 0.0, 0.0, 0.0, 0.0, 0.0, 0.0, 0.0, 0.0, 0.0, 0.0, 0.0, 0.0, 0.0, 0.0, 0.0, 0.0, 0.0, 0.0]
['Latvia', 0.0, 0.0, 0.0, 0.0, 0.0, 0.0, 0.0, 0.0, 0.0, 0.0, 0.0, 0.8, 2.6, 5.0, 5.8, 11.6, 14.4, 16.4, 18.0, 18.8, 20.4, 22.0, 23.8, 24.4, 25.6, 27.4, 29.6, 30.0, 30.0, 30.0, 30.0, 30.6, 31.0, 31.0, 31.0, 32.0, 32.0]
['Lebanon', 0.0, 0.0, 0.0, 0.0, 0.0, 0.0, 1.4, 3.0, 3.8, 5.6, 11.0, 17.4, 19.4, 20.6, 21.0, 22.8, 24.0, 25.0, 25.8, 26.0, 26.0, 26.0, 26.2, 27.4, 29.8, 31.6, 32.0, 32.4, 33.6, 35.0, 36.0, 36.6, 40.2, 44.0, 53.6, 62.8, 88.4]
['Lesotho', 0.0, 0.0, 0.0, 0.0, 0.0, 0.0, 0.0, 0.0, 0.0, 0.0, 0.0, 0.0, 0.0, 0.0, 0.0, 0.0, 0.0, 0.0, 0.0, 0.0, 0.0, 0.0, 0.0, 0.0, 0.0, 0.0, 0.0, 0.0, 0.0, 0.0, 0.4, 2.4, 5.4, 6.6, 12.4, 17.2, 24.4]
['Liberia', 0.0, 0.0, 0.0, 0.0, 0.0, 0.0, 0.0, 0.0, 0.0, 0.0, 0.0, 1.4, 4.2, 5.8, 7.6, 9.4, 15.6, 18.8, 20.0, 20.0, 22.4, 25.6, 27.0, 28.2, 30.4, 32.0, 33.0, 34.0, 34.8, 37.0, 42.0, 50.2, 69.4, 70.6, 72.2, 76.6, 81.2]
['Libya', 0.0, 0.0, 0.0, 0.0, 0.0, 0.0, 0.0, 0.0, 0.0, 0.0, 0.0, 1.0, 1.0, 1.0, 1.0, 1.8, 2.4, 3.0, 3.0, 3.0, 3.0, 3.0, 4.8, 5.0, 5.0, 7.8, 10.0, 14.6, 20.8, 27.4, 36.2, 40.4, 47.6, 54.8, 68.0, 85.2, 132.6]
['Liechtenstein', 0.0, 0.0, 0.0, 0.0, 0.0, 0.0, 0.0, 0.0, 0.0, 0.0, 0.0, 0.6, 1.0, 1.0, 1.0, 1.0, 1.0, 1.0, 1.0, 1.0, 1.0, 1.0, 1.0, 1.0, 1.0, 1.0, 1.0, 1.2, 1.0, 1.0, 1.0, 1.0, 1.0, 1.0, 1.0, 1.0, 1.0]
['Lithuania', 0.0, 0.0, 0.0, 0.0, 0.0, 0.0, 0.0, 0.0, 0.4, 3.2, 7.4, 11.4, 18.2, 27.6, 35.2, 40.0, 44.0, 46.4, 49.4, 53.4, 59.2, 63.0, 68.4, 70.8, 71.8, 74.8, 76.0, 77.0, 78.0, 78.6, 79.0, 79.0, 79.6, 80.0, 80.0, 80.0, 81.0]
['Luxembourg', 0.0, 0.0, 0.0, 0.0, 0.0, 0.0, 0.0, 0.8, 5.2, 9.6, 22.6, 33.8, 51.6, 68.0, 74.0, 84.2, 89.6, 95.6, 100.6, 103.2, 108.2, 109.6, 110.0, 110.0, 110.0, 110.0, 110.0, 110.0, 110.0, 110.0, 110.0, 110.8, 111.0, 111.6, 113.0, 116.6, 121.8]
['MS Zaandam', 0.0, 0.0, 0.0, 0.0, 0.0, 0.0, 0.0, 0.0, 0.0, 0.0, 0.4, 2.0, 2.0, 2.0, 2.0, 2.0, 2.0, 2.0, 2.0, 2.0, 2.0, 2.0, 2.0, 2.0, 2.0, 2.0, 2.0, 2.0, 2.0, 2.0, 2.0, 2.0, 2.0, 2.0, 2.0, 2.0, 2.0]
['Madagascar', 0.0, 0.0, 0.0, 0.0, 0.0, 0.0, 0.0, 0.0, 0.0, 0.0, 0.0, 0.0, 0.0, 0.0, 0.0, 0.0, 0.0, 0.0, 0.0, 0.0, 1.6, 2.0, 4.2, 6.4, 9.0, 10.0, 12.6, 15.2, 18.0, 26.6, 33.2, 37.6, 56.6, 71.6, 94.6, 113.6, 157.0]
['Malawi', 0.0, 0.0, 0.0, 0.0, 0.0, 0.0, 0.0, 0.0, 0.0, 0.0, 0.0, 0.0, 1.2, 2.0, 2.0, 3.0, 3.0, 3.0, 3.0, 3.0, 3.0, 3.6, 4.0, 4.0, 4.0, 5.0, 7.2, 11.2, 13.2, 16.4, 23.6, 38.6, 56.4, 78.0, 102.2, 121.6, 151.8]
['Malaysia', 0.0, 0.0, 0.0, 0.0, 0.0, 0.0, 0.0, 0.4, 4.2, 19.8, 37.4, 56.6, 67.6, 80.4, 88.8, 96.0, 100.8, 105.2, 107.8, 111.4, 113.6, 115.0, 115.0, 115.2, 117.2, 119.8, 121.0, 121.0, 121.0, 121.0, 121.0, 122.0, 122.4, 123.0, 124.0, 125.0, 125.0]
['Maldives', 0.0, 0.0, 0.0, 0.0, 0.0, 0.0, 0.0, 0.0, 0.0, 0.0, 0.0, 0.0, 0.0, 0.0, 0.0, 0.0, 0.6, 1.4, 3.0, 3.8, 4.0, 4.2, 5.0, 6.8, 8.0, 8.0, 8.0, 8.0, 8.2, 10.0, 12.6, 13.4, 15.0, 15.0, 15.2, 17.6, 20.6]
['Mali', 0.0, 0.0, 0.0, 0.0, 0.0, 0.0, 0.0, 0.0, 0.0, 0.0, 1.6, 3.8, 6.6, 11.6, 13.6, 20.6, 24.8, 29.2, 36.2, 44.8, 54.4, 65.4, 73.6, 81.4, 92.4, 102.0, 107.0, 111.2, 114.2, 117.4, 119.8, 121.0, 121.0, 122.8, 123.8, 124.0, 125.0]
['Malta', 0.0, 0.0, 0.0, 0.0, 0.0, 0.0, 0.0, 0.0, 0.0, 0.0, 0.0, 0.0, 1.6, 3.0, 3.0, 3.4, 4.0, 4.4, 5.0, 5.8, 6.0, 6.0, 8.2, 9.0, 9.0, 9.0, 9.0, 9.0, 9.0, 9.0, 9.0, 9.0, 9.0, 9.0, 9.0, 9.0, 9.0]
['Mauritania', 0.0, 0.0, 0.0, 0.0, 0.0, 0.0, 0.0, 0.0, 0.0, 0.0, 0.6, 1.0, 1.0, 1.0, 1.0, 1.0, 1.0, 1.0, 1.0, 2.4, 4.2, 8.0, 19.6, 34.0, 59.0, 83.2, 99.0, 114.4, 124.8, 129.2, 139.4, 147.4, 152.8, 155.6, 156.2, 157.0, 157.0]
['Mauritius', 0.0, 0.0, 0.0, 0.0, 0.0, 0.0, 0.0, 0.0, 0.6, 2.0, 3.8, 7.0, 7.8, 9.0, 9.0, 9.0, 10.0, 10.0, 10.0, 10.0, 10.0, 10.0, 10.0, 10.0, 10.0, 10.0, 10.0, 10.0, 10.0, 10.0, 10.0, 10.0, 10.0, 10.0, 10.0, 10.0, 10.0]
['Mexico', 0.0, 0.0, 0.0, 0.0, 0.0, 0.0, 0.0, 0.0, 1.6, 7.0, 26.0, 81.6, 203.0, 393.8, 690.2, 1183.2, 1713.2, 2339.4, 3302.4, 4487.0, 5755.0, 7465.8, 9353.0, 11649.6, 14253.8, 16797.0, 19662.4, 23434.0, 26739.6, 29709.4, 32729.2, 35692.0, 38688.2, 41903.4, 44787.8, 47757.4, 54559.8]
['Moldova', 0.0, 0.0, 0.0, 0.0, 0.0, 0.0, 0.0, 0.0, 1.0, 1.2, 3.0, 12.0, 27.4, 41.2, 64.4, 85.8, 110.8, 132.0, 160.0, 194.0, 222.0, 251.4, 286.0, 312.0, 352.2, 395.0, 442.8, 488.0, 529.4, 569.2, 613.6, 649.0, 680.0, 719.2, 753.2, 793.4, 866.4]
['Monaco', 0.0, 0.0, 0.0, 0.0, 0.0, 0.0, 0.0, 0.0, 0.0, 0.0, 0.8, 1.0, 1.0, 1.8, 3.0, 3.8, 4.0, 4.0, 4.0, 4.0, 4.0, 4.0, 4.0, 4.0, 4.0, 4.0, 4.0, 4.0, 4.0, 4.0, 4.0, 4.0, 4.0, 4.0, 4.0, 4.0, 4.0]
['Mongolia', 0.0, 0.0, 0.0, 0.0, 0.0, 0.0, 0.0, 0.0, 0.0, 0.0, 0.0, 0.0, 0.0, 0.0, 0.0, 0.0, 0.0, 0.0, 0.0, 0.0, 0.0, 0.0, 0.0, 0.0, 0.0, 0.0, 0.0, 0.0, 0.0, 0.0, 0.0, 0.0, 0.0, 0.0, 0.0, 0.0, 0.0]
['Montenegro', 0.0, 0.0, 0.0, 0.0, 0.0, 0.0, 0.0, 0.0, 0.0, 1.0, 1.4, 2.0, 2.0, 3.6, 5.0, 5.8, 7.0, 8.0, 8.4, 9.0, 9.0, 9.0, 9.0, 9.0, 9.0, 9.0, 9.0, 9.0, 10.4, 13.0, 17.2, 23.6, 28.8, 40.0, 45.4, 50.8, 71.6]
['Morocco', 0.0, 0.0, 0.0, 0.0, 0.0, 0.0, 0.6, 1.2, 2.8, 9.8, 31.8, 60.2, 99.6, 125.4, 140.2, 156.4, 167.2, 178.0, 186.2, 189.6, 193.4, 199.2, 203.0, 206.6, 209.0, 211.8, 212.8, 215.0, 222.4, 230.8, 240.8, 253.2, 269.0, 292.2, 327.2, 384.0, 560.0]
['Mozambique', 0.0, 0.0, 0.0, 0.0, 0.0, 0.0, 0.0, 0.0, 0.0, 0.0, 0.0, 0.0, 0.0, 0.0, 0.0, 0.0, 0.0, 0.0, 0.0, 0.0, 0.0, 0.4, 1.8, 2.0, 2.0, 2.4, 4.0, 5.0, 5.4, 6.6, 8.4, 9.0, 9.8, 11.0, 11.0, 13.0, 18.0]
['Namibia', 0.0, 0.0, 0.0, 0.0, 0.0, 0.0, 0.0, 0.0, 0.0, 0.0, 0.0, 0.0, 0.0, 0.0, 0.0, 0.0, 0.0, 0.0, 0.0, 0.0, 0.0, 0.0, 0.0, 0.0, 0.0, 0.0, 0.0, 0.0, 0.0, 0.0, 0.2, 1.4, 2.6, 7.0, 8.6, 11.2, 23.6]
['Nepal', 0.0, 0.0, 0.0, 0.0, 0.0, 0.0, 0.0, 0.0, 0.0, 0.0, 0.0, 0.0, 0.0, 0.0, 0.0, 0.0, 0.0, 0.0, 0.0, 0.2, 2.2, 3.4, 5.8, 9.2, 14.0, 17.4, 21.0, 24.0, 28.2, 32.2, 35.0, 38.2, 39.8, 42.8, 48.6, 56.8, 89.4]
['"Bonaire', 0.0, 0.0, 0.0, 0.0, 0.0, 0.0, 0.0, 0.0, 0.0, 0.0, 0.0, 0.0, 0.0, 0.0, 0.0, 0.0, 0.0, 0.0, 0.0, 0.0, 0.0, 0.0, 0.0, 0.0, 0.0, 0.0, 0.0, 0.0, 0.0, 0.0, 0.0, 0.0, 0.0, 0.0, 0.0, 0.0, 0.0]
['New Zealand', 0.0, 0.0, 0.0, 0.0, 0.0, 0.0, 0.0, 0.0, 0.0, 0.0, 0.8, 1.0, 1.8, 7.2, 11.8, 17.2, 19.2, 20.4, 21.0, 21.0, 21.0, 21.0, 22.0, 22.0, 22.0, 22.0, 22.0, 22.0, 22.0, 22.0, 22.0, 22.0, 22.0, 22.0, 22.0, 22.0, 22.0]
['Nicaragua', 0.0, 0.0, 0.0, 0.0, 0.0, 0.0, 0.0, 0.0, 0.0, 0.2, 1.0, 1.0, 1.0, 1.0, 1.8, 2.8, 3.0, 4.6, 5.0, 8.0, 13.4, 20.6, 35.0, 43.8, 49.6, 55.0, 64.0, 70.0, 75.8, 83.0, 89.4, 94.2, 99.0, 108.0, 112.8, 117.4, 127.0]
['Niger', 0.0, 0.0, 0.0, 0.0, 0.0, 0.0, 0.0, 0.0, 0.0, 0.6, 2.6, 7.6, 11.0, 13.2, 19.4, 25.2, 31.4, 36.8, 44.6, 49.6, 56.4, 61.4, 63.8, 65.0, 65.0, 65.6, 66.8, 67.0, 67.0, 67.8, 68.0, 68.2, 69.0, 69.0, 69.0, 69.0, 69.0]
['Nigeria', 0.0, 0.0, 0.0, 0.0, 0.0, 0.0, 0.0, 0.0, 0.0, 1.0, 1.6, 4.0, 7.2, 11.2, 20.2, 33.2, 52.2, 93.2, 129.0, 167.2, 195.2, 230.0, 266.8, 316.8, 360.8, 407.4, 478.4, 533.4, 568.0, 625.2, 681.0, 744.4, 781.8, 830.4, 867.4, 891.2, 960.2]
['North Macedonia', 0.0, 0.0, 0.0, 0.0, 0.0, 0.0, 0.0, 0.0, 0.2, 2.6, 7.4, 16.2, 30.2, 41.4, 51.6, 57.8, 73.4, 85.0, 90.4, 95.4, 106.4, 113.4, 126.0, 144.4, 156.2, 180.0, 216.4, 252.0, 286.2, 326.0, 357.2, 385.0, 415.0, 446.0, 470.6, 496.2, 530.8]
['Norway', 0.0, 0.0, 0.0, 0.0, 0.0, 0.0, 0.0, 2.4, 6.8, 13.8, 32.6, 63.6, 106.0, 140.6, 170.6, 196.4, 207.6, 213.4, 219.4, 230.6, 233.4, 235.0, 235.8, 237.2, 238.6, 242.0, 243.4, 247.6, 249.2, 251.0, 251.4, 252.6, 254.8, 255.0, 255.0, 255.4, 257.2]
['Oman', 0.0, 0.0, 0.0, 0.0, 0.0, 0.0, 0.0, 0.0, 0.0, 0.0, 0.4, 1.6, 2.6, 4.0, 6.8, 9.4, 10.4, 12.4, 16.4, 18.6, 27.0, 36.2, 42.0, 63.0, 79.0, 99.2, 120.4, 138.8, 164.0, 196.4, 231.0, 263.6, 308.0, 354.2, 402.4, 421.0, 540.2]
['Pakistan', 0.0, 0.0, 0.0, 0.0, 0.0, 0.0, 0.0, 0.0, 3.8, 9.4, 24.4, 47.6, 73.8, 112.6, 180.0, 266.4, 379.4, 519.2, 667.4, 814.4, 982.2, 1164.6, 1399.6, 1770.4, 2170.4, 2609.0, 3236.0, 3781.0, 4203.8, 4591.2, 4985.0, 5319.0, 5550.8, 5751.6, 5869.0, 5975.2, 6126.0]
['Panama', 0.0, 0.0, 0.0, 0.0, 0.0, 0.0, 0.4, 1.0, 1.4, 7.4, 23.0, 42.0, 63.4, 91.6, 121.4, 153.0, 178.4, 204.4, 237.2, 260.6, 282.6, 304.6, 325.4, 357.2, 398.6, 430.6, 476.0, 533.8, 604.4, 695.4, 818.0, 935.2, 1066.4, 1214.6, 1347.2, 1472.0, 1700.6]
['Papua New Guinea', 0.0, 0.0, 0.0, 0.0, 0.0, 0.0, 0.0, 0.0, 0.0, 0.0, 0.0, 0.0, 0.0, 0.0, 0.0, 0.0, 0.0, 0.0, 0.0, 0.0, 0.0, 0.0, 0.0, 0.0, 0.0, 0.0, 0.0, 0.0, 0.0, 0.0, 0.0, 0.0, 0.2, 0.2, 0.6, 2.0, 3.0]
['Paraguay', 0.0, 0.0, 0.0, 0.0, 0.0, 0.0, 0.0, 0.0, 0.4, 2.4, 3.0, 3.4, 5.4, 7.0, 8.0, 9.0, 9.4, 10.0, 10.0, 10.8, 11.0, 11.0, 11.0, 11.0, 11.0, 11.2, 13.0, 13.0, 15.2, 19.4, 20.0, 23.6, 29.6, 37.0, 44.4, 53.4, 93.2]
['Peru', 0.0, 0.0, 0.0, 0.0, 0.0, 0.0, 0.0, 0.0, 2.6, 8.2, 25.2, 72.8, 143.2, 233.4, 395.4, 632.8, 950.8, 1361.4, 1801.0, 2281.6, 2904.6, 3498.0, 4237.8, 4897.6, 5595.6, 6406.4, 7459.0, 8403.8, 9314.4, 10226.4, 11134.2, 12050.4, 12996.6, 16137.2, 18501.0, 19494.8, 22369.4]
['Philippines', 1.0, 1.0, 1.0, 1.0, 1.0, 1.0, 1.2, 9.6, 19.6, 41.0, 80.2, 140.4, 206.0, 331.6, 411.6, 476.0, 549.2, 625.6, 706.0, 787.2, 836.0, 869.4, 934.8, 974.2, 1010.4, 1069.6, 1121.4, 1189.6, 1245.0, 1282.2, 1320.0, 1544.4, 1748.4, 1865.4, 1953.8, 2068.0, 2375.6]
['Poland', 0.0, 0.0, 0.0, 0.0, 0.0, 0.0, 0.2, 3.4, 5.4, 12.8, 29.4, 81.6, 170.2, 268.0, 364.0, 486.6, 615.4, 697.8, 785.4, 881.0, 948.6, 1000.4, 1048.4, 1107.0, 1173.0, 1235.4, 1310.8, 1379.6, 1441.8, 1501.0, 1540.8, 1579.4, 1617.2, 1649.6, 1686.4, 1727.6, 1832.4]
['Portugal', 0.0, 0.0, 0.0, 0.0, 0.0, 0.0, 0.0, 0.2, 7.4, 47.0, 141.2, 265.4, 407.8, 566.8, 711.0, 848.4, 969.0, 1058.4, 1124.8, 1183.0, 1247.2, 1315.8, 1382.8, 1445.4, 1485.4, 1511.6, 1524.8, 1539.2, 1564.8, 1596.6, 1634.0, 1664.0, 1685.0, 1706.4, 1722.0, 1737.4, 1765.2]
['Qatar', 0.0, 0.0, 0.0, 0.0, 0.0, 0.0, 0.0, 0.0, 0.0, 0.0, 1.4, 3.4, 6.0, 7.0, 8.2, 10.0, 10.4, 12.0, 13.0, 14.2, 15.6, 23.4, 34.6, 44.4, 58.0, 71.6, 87.0, 101.2, 111.0, 121.0, 138.6, 148.6, 155.0, 163.0, 167.4, 175.8, 189.2]
['Romania', 0.0, 0.0, 0.0, 0.0, 0.0, 0.0, 0.0, 0.0, 0.6, 16.8, 63.8, 144.2, 245.2, 352.4, 451.8, 571.2, 691.6, 816.8, 938.6, 1051.0, 1133.4, 1189.6, 1247.0, 1296.2, 1341.6, 1396.0, 1469.0, 1538.8, 1613.0, 1708.6, 1813.0, 1907.8, 2006.4, 2123.2, 2241.0, 2409.4, 2812.8]
['Russia', 0.0, 0.0, 0.0, 0.0, 0.0, 0.0, 0.0, 0.0, 0.8, 2.4, 12.4, 39.8, 79.4, 175.6, 361.6, 622.2, 975.0, 1369.2, 1819.8, 2317.6, 2852.2, 3523.6, 4346.4, 5196.8, 6003.0, 6813.0, 7643.0, 8348.6, 9049.2, 9837.8, 10646.8, 11455.6, 12197.0, 12871.6, 13498.8, 14117.4, 15225.4]
['Rwanda', 0.0, 0.0, 0.0, 0.0, 0.0, 0.0, 0.0, 0.0, 0.0, 0.0, 0.0, 0.0, 0.0, 0.0, 0.0, 0.0, 0.0, 0.0, 0.0, 0.0, 0.0, 0.0, 0.4, 1.8, 2.0, 2.0, 2.0, 2.0, 2.0, 3.0, 3.0, 4.0, 4.6, 5.0, 5.0, 5.0, 7.6]
['Saint Kitts and Nevis', 0.0, 0.0, 0.0, 0.0, 0.0, 0.0, 0.0, 0.0, 0.0, 0.0, 0.0, 0.0, 0.0, 0.0, 0.0, 0.0, 0.0, 0.0, 0.0, 0.0, 0.0, 0.0, 0.0, 0.0, 0.0, 0.0, 0.0, 0.0, 0.0, 0.0, 0.0, 0.0, 0.0, 0.0, 0.0, 0.0, 0.0]
['Saint Lucia', 0.0, 0.0, 0.0, 0.0, 0.0, 0.0, 0.0, 0.0, 0.0, 0.0, 0.0, 0.0, 0.0, 0.0, 0.0, 0.0, 0.0, 0.0, 0.0, 0.0, 0.0, 0.0, 0.0, 0.0, 0.0, 0.0, 0.0, 0.0, 0.0, 0.0, 0.0, 0.0, 0.0, 0.0, 0.0, 0.0, 0.0]
['Saint Vincent and the Grenadines', 0.0, 0.0, 0.0, 0.0, 0.0, 0.0, 0.0, 0.0, 0.0, 0.0, 0.0, 0.0, 0.0, 0.0, 0.0, 0.0, 0.0, 0.0, 0.0, 0.0, 0.0, 0.0, 0.0, 0.0, 0.0, 0.0, 0.0, 0.0, 0.0, 0.0, 0.0, 0.0, 0.0, 0.0, 0.0, 0.0, 0.0]
['San Marino', 0.0, 0.0, 0.0, 0.0, 0.0, 1.0, 1.8, 5.8, 15.2, 20.8, 24.2, 31.2, 34.2, 36.0, 39.2, 40.2, 41.0, 41.0, 41.0, 41.0, 41.0, 41.8, 42.0, 42.0, 42.0, 42.0, 42.0, 42.0, 42.0, 42.0, 42.0, 42.0, 42.0, 42.0, 42.0, 42.0, 42.0]
['Sao Tome and Principe', 0.0, 0.0, 0.0, 0.0, 0.0, 0.0, 0.0, 0.0, 0.0, 0.0, 0.0, 0.0, 0.0, 0.0, 0.0, 0.0, 0.2, 2.2, 4.8, 6.4, 7.6, 9.4, 12.0, 12.0, 12.0, 12.0, 12.0, 12.4, 13.0, 13.0, 13.4, 14.0, 14.0, 14.0, 14.4, 15.0, 15.0]
['Saudi Arabia', 0.0, 0.0, 0.0, 0.0, 0.0, 0.0, 0.0, 0.0, 0.0, 1.8, 9.2, 29.4, 45.0, 71.8, 97.6, 127.4, 156.8, 192.0, 237.6, 282.8, 330.2, 388.6, 461.4, 581.2, 747.2, 933.0, 1139.2, 1347.0, 1556.8, 1805.2, 2059.0, 2251.0, 2446.6, 2633.6, 2788.0, 2920.6, 3268.4]
['Senegal', 0.0, 0.0, 0.0, 0.0, 0.0, 0.0, 0.0, 0.0, 0.0, 0.0, 0.2, 1.6, 2.0, 2.0, 3.6, 7.0, 9.0, 10.2, 16.2, 22.6, 28.8, 34.6, 40.4, 44.0, 49.8, 59.0, 76.0, 89.2, 105.0, 124.8, 140.4, 149.2, 163.2, 179.6, 197.4, 209.6, 241.8]
['Serbia', 0.0, 0.0, 0.0, 0.0, 0.0, 0.0, 0.0, 0.0, 0.8, 2.4, 16.6, 44.6, 67.4, 92.2, 120.8, 144.8, 172.2, 196.4, 212.6, 223.8, 233.4, 238.2, 241.6, 245.4, 249.6, 253.2, 258.0, 262.6, 270.6, 296.6, 342.0, 405.4, 461.8, 506.8, 550.2, 589.6, 656.4]
['Seychelles', 0.0, 0.0, 0.0, 0.0, 0.0, 0.0, 0.0, 0.0, 0.0, 0.0, 0.0, 0.0, 0.0, 0.0, 0.0, 0.0, 0.0, 0.0, 0.0, 0.0, 0.0, 0.0, 0.0, 0.0, 0.0, 0.0, 0.0, 0.0, 0.0, 0.0, 0.0, 0.0, 0.0, 0.0, 0.0, 0.0, 0.0]
['Sierra Leone', 0.0, 0.0, 0.0, 0.0, 0.0, 0.0, 0.0, 0.0, 0.0, 0.0, 0.0, 0.0, 0.0, 0.0, 0.0, 1.8, 5.2, 10.0, 17.6, 25.4, 33.4, 40.6, 45.4, 46.6, 49.0, 50.8, 51.8, 55.2, 59.6, 61.2, 62.8, 63.4, 65.0, 66.0, 66.4, 67.0, 69.0]
['Singapore', 0.0, 0.0, 0.0, 0.0, 0.0, 0.0, 0.0, 0.0, 0.8, 2.0, 2.8, 5.4, 6.6, 9.4, 11.0, 12.0, 14.6, 18.2, 20.2, 21.2, 22.2, 23.0, 23.0, 24.0, 25.0, 25.6, 26.0, 26.0, 26.0, 26.0, 26.0, 26.4, 27.0, 27.0, 27.0, 27.0, 27.0]
['Slovakia', 0.0, 0.0, 0.0, 0.0, 0.0, 0.0, 0.0, 0.0, 0.8, 0.0, 0.2, 1.2, 2.0, 4.0, 11.8, 16.2, 21.2, 24.6, 26.0, 27.2, 28.0, 28.0, 28.0, 28.0, 28.0, 28.0, 28.0, 28.0, 28.0, 28.0, 28.0, 28.0, 28.0, 28.0, 28.0, 29.0, 31.0]
['Slovenia', 0.0, 0.0, 0.0, 0.0, 0.0, 0.0, 0.0, 0.8, 1.2, 5.4, 12.2, 23.4, 42.8, 57.2, 72.8, 80.2, 88.2, 96.8, 100.8, 102.8, 104.6, 106.8, 108.0, 109.0, 109.0, 109.0, 109.0, 109.0, 110.2, 111.0, 111.0, 111.0, 111.6, 115.0, 116.6, 120.6, 128.8]
['Somalia', 0.0, 0.0, 0.0, 0.0, 0.0, 0.0, 0.0, 0.0, 0.0, 0.0, 0.0, 0.0, 0.8, 3.0, 7.2, 16.2, 27.6, 35.0, 47.8, 53.0, 58.8, 63.2, 72.4, 79.0, 83.8, 86.6, 88.0, 90.0, 90.0, 90.8, 92.0, 92.8, 93.0, 93.0, 93.0, 93.0, 93.0]
['South Africa', 0.0, 0.0, 0.0, 0.0, 0.0, 0.0, 0.0, 0.0, 0.0, 0.2, 3.2, 9.2, 19.6, 32.2, 54.4, 78.4, 101.0, 138.6, 185.0, 234.2, 314.0, 447.6, 613.2, 801.6, 1080.4, 1421.8, 1748.8, 2104.0, 2479.0, 2954.0, 3598.8, 4204.2, 4925.4, 6079.8, 7280.4, 8389.4, 11041.6]
['South Sudan', 0.0, 0.0, 0.0, 0.0, 0.0, 0.0, 0.0, 0.0, 0.0, 0.0, 0.0, 0.0, 0.0, 0.0, 0.0, 0.0, 0.0, 0.0, 0.0, 1.6, 4.0, 7.6, 10.0, 10.0, 16.2, 25.8, 32.2, 35.4, 36.4, 38.0, 38.0, 39.8, 43.0, 45.0, 45.8, 46.2, 47.0]
['Spain', 0.0, 0.0, 0.0, 0.0, 0.0, 4.2, 37.8, 298.4, 1128.6, 3653.8, 7670.4, 11895.0, 15394.2, 18208.8, 20526.4, 22498.0, 24140.8, 25452.4, 26442.4, 27273.4, 27775.6, 28001.8, 27121.8, 27129.8, 27135.8, 27136.0, 27609.0, 28325.8, 28344.6, 28377.4, 28396.0, 28406.8, 28419.6, 28428.6, 28437.2, 28461.0, 28591.6]
['Sri Lanka', 0.0, 0.0, 0.0, 0.0, 0.0, 0.0, 0.0, 0.0, 0.0, 0.0, 1.8, 4.6, 6.8, 7.0, 7.0, 7.0, 7.0, 8.0, 9.0, 9.0, 9.0, 9.4, 10.0, 11.0, 11.0, 11.0, 11.0, 11.0, 11.0, 11.0, 11.0, 11.0, 11.0, 11.0, 11.0, 11.0, 11.0]
['Sudan', 0.0, 0.0, 0.0, 0.0, 0.0, 0.0, 0.0, 1.0, 1.0, 1.0, 1.6, 2.0, 2.0, 4.2, 10.0, 16.6, 28.4, 43.4, 63.8, 89.6, 109.0, 157.6, 234.2, 319.8, 376.0, 444.0, 495.6, 541.2, 572.0, 604.8, 632.8, 656.8, 679.0, 708.2, 722.4, 753.0, 787.6]
['Suriname', 0.0, 0.0, 0.0, 0.0, 0.0, 0.0, 0.0, 0.0, 0.0, 0.0, 0.0, 0.8, 1.0, 1.0, 1.0, 1.0, 1.0, 1.0, 1.0, 1.0, 1.0, 1.0, 1.0, 1.0, 1.6, 3.2, 7.0, 9.0, 11.6, 13.4, 16.2, 18.0, 19.8, 22.2, 24.6, 26.6, 37.8]
['Sweden', 0.0, 0.0, 0.0, 0.0, 0.0, 0.0, 0.4, 3.8, 15.6, 61.0, 156.0, 383.4, 765.6, 1077.4, 1559.2, 2099.2, 2466.0, 2782.4, 3183.2, 3524.4, 3764.4, 4013.8, 4325.2, 4522.8, 4704.2, 4861.4, 5049.4, 5166.6, 5296.6, 5408.2, 5477.6, 5541.0, 5617.8, 5676.6, 5713.6, 5744.0, 5773.8]
['Switzerland', 0.0, 0.0, 0.0, 0.0, 0.0, 0.6, 3.0, 15.8, 59.2, 163.4, 368.8, 654.6, 940.4, 1187.6, 1399.0, 1571.2, 1714.2, 1781.6, 1828.2, 1873.2, 1889.6, 1908.4, 1918.8, 1920.6, 1927.0, 1938.0, 1955.6, 1956.8, 1962.2, 1965.0, 1965.8, 1968.0, 1969.4, 1974.6, 1978.4, 1981.0, 1990.0]
['Syria', 0.0, 0.0, 0.0, 0.0, 0.0, 0.0, 0.0, 0.0, 0.0, 0.0, 1.4, 2.0, 2.0, 2.0, 2.6, 3.0, 3.0, 3.0, 3.0, 3.0, 3.0, 4.0, 4.2, 5.8, 6.0, 6.0, 6.8, 7.0, 8.8, 10.2, 14.4, 18.8, 25.2, 33.8, 39.8, 44.4, 54.2]
['Taiwan*', 0.0, 0.2, 1.0, 1.0, 1.0, 1.0, 1.0, 1.0, 1.6, 2.0, 3.8, 5.0, 5.4, 6.0, 6.0, 6.0, 6.0, 6.0, 6.2, 7.0, 7.0, 7.0, 7.0, 7.0, 7.0, 7.0, 7.0, 7.0, 7.0, 7.0, 7.0, 7.0, 7.0, 7.0, 7.0, 7.0, 7.0]
['Tajikistan', 0.0, 0.0, 0.0, 0.0, 0.0, 0.0, 0.0, 0.0, 0.0, 0.0, 0.0, 0.0, 0.0, 0.0, 0.0, 0.0, 0.0, 4.0, 17.0, 28.4, 41.2, 45.4, 47.0, 47.6, 48.0, 49.6, 51.0, 52.0, 52.0, 52.2, 53.8, 55.4, 56.6, 58.0, 59.8, 60.6, 62.8]
['Tanzania', 0.0, 0.0, 0.0, 0.0, 0.0, 0.0, 0.0, 0.0, 0.0, 0.0, 0.4, 1.0, 1.8, 3.4, 7.4, 10.0, 13.6, 16.0, 20.0, 21.0, 21.0, 21.0, 21.0, 21.0, 21.0, 21.0, 21.0, 21.0, 21.0, 21.0, 21.0, 21.0, 21.0, 21.0, 21.0, 21.0, 21.0]
['Thailand', 0.0, 0.0, 0.0, 0.0, 0.4, 1.0, 1.0, 1.0, 1.0, 3.6, 8.8, 20.6, 31.4, 41.6, 47.2, 50.4, 53.6, 54.2, 55.6, 56.0, 56.0, 56.4, 57.0, 57.8, 58.0, 58.0, 58.0, 58.0, 58.0, 58.0, 58.0, 58.0, 58.0, 58.0, 58.0, 58.0, 58.0]
['Timor-Leste', 0.0, 0.0, 0.0, 0.0, 0.0, 0.0, 0.0, 0.0, 0.0, 0.0, 0.0, 0.0, 0.0, 0.0, 0.0, 0.0, 0.0, 0.0, 0.0, 0.0, 0.0, 0.0, 0.0, 0.0, 0.0, 0.0, 0.0, 0.0, 0.0, 0.0, 0.0, 0.0, 0.0, 0.0, 0.0, 0.0, 0.0]
['Togo', 0.0, 0.0, 0.0, 0.0, 0.0, 0.0, 0.0, 0.0, 0.0, 0.2, 1.2, 2.8, 3.0, 3.4, 5.4, 6.0, 7.4, 9.0, 10.2, 11.0, 11.8, 12.4, 13.0, 13.0, 13.0, 13.0, 13.0, 13.4, 14.0, 14.4, 15.0, 15.0, 15.0, 16.2, 18.0, 19.0, 25.8]
['Trinidad and Tobago', 0.0, 0.0, 0.0, 0.0, 0.0, 0.0, 0.0, 0.0, 0.0, 0.8, 3.4, 6.4, 8.0, 8.0, 8.0, 8.0, 8.0, 8.0, 8.0, 8.0, 8.0, 8.0, 8.0, 8.0, 8.0, 8.0, 8.0, 8.0, 8.0, 8.0, 8.0, 8.0, 8.0, 8.0, 8.0, 8.0, 8.4]
['Tunisia', 0.0, 0.0, 0.0, 0.0, 0.0, 0.0, 0.0, 0.0, 1.2, 4.8, 9.2, 18.8, 25.0, 34.2, 37.6, 38.0, 40.2, 42.6, 44.8, 45.0, 46.4, 47.8, 48.0, 48.6, 49.0, 49.0, 49.8, 50.0, 50.0, 50.0, 50.0, 50.0, 50.0, 50.0, 50.0, 50.8, 52.2]
['Turkey', 0.0, 0.0, 0.0, 0.0, 0.0, 0.0, 0.0, 0.2, 9.4, 61.4, 179.6, 501.0, 910.4, 1411.6, 2015.0, 2595.6, 3081.0, 3459.6, 3739.2, 4000.8, 4196.2, 4338.0, 4487.2, 4607.0, 4709.4, 4793.0, 4883.4, 4999.2, 5098.0, 5186.8, 5281.2, 5382.0, 5474.4, 5562.0, 5644.2, 5728.2, 5893.6]
['US', 0.0, 0.0, 0.0, 0.0, 1.6, 12.2, 29.4, 81.8, 380.4, 1462.6, 4758.2, 11413.4, 21202.4, 31813.6, 43105.0, 53851.4, 63369.2, 72521.4, 81347.0, 88661.8, 94899.2, 100504.6, 105530.0, 110114.0, 114014.0, 117822.8, 121054.0, 123901.2, 126678.2, 129511.2, 132730.0, 136436.0, 140504.8, 145094.8, 150195.4, 155671.6, 165916.0]
['Uganda', 0.0, 0.0, 0.0, 0.0, 0.0, 0.0, 0.0, 0.0, 0.0, 0.0, 0.0, 0.0, 0.0, 0.0, 0.0, 0.0, 0.0, 0.0, 0.0, 0.0, 0.0, 0.0, 0.0, 0.0, 0.0, 0.0, 0.0, 0.0, 0.0, 0.0, 0.0, 0.0, 0.0, 0.4, 2.0, 4.2, 10.0]
['Ukraine', 0.0, 0.0, 0.0, 0.0, 0.0, 0.0, 0.0, 1.2, 2.6, 4.2, 13.8, 31.2, 59.2, 99.6, 142.2, 194.4, 248.4, 302.6, 375.2, 458.6, 548.0, 615.4, 682.0, 744.8, 809.0, 888.8, 970.0, 1043.6, 1138.8, 1224.6, 1321.2, 1415.4, 1490.4, 1572.2, 1656.2, 1749.8, 1998.6]
['United Arab Emirates', 0.0, 0.0, 0.0, 0.0, 0.0, 0.0, 0.0, 0.0, 1.2, 2.0, 4.8, 9.6, 14.8, 28.6, 40.8, 63.8, 97.0, 137.0, 184.6, 208.2, 228.2, 246.2, 259.8, 270.4, 279.8, 288.2, 297.4, 305.0, 312.6, 319.0, 327.0, 333.6, 337.8, 342.2, 346.4, 351.0, 358.0]
['Uruguay', 0.0, 0.0, 0.0, 0.0, 0.0, 0.0, 0.0, 0.0, 0.0, 0.0, 1.2, 5.0, 7.0, 8.2, 10.0, 13.0, 15.8, 17.0, 18.2, 19.0, 20.0, 21.6, 22.0, 23.0, 23.0, 23.0, 24.2, 25.4, 26.6, 28.0, 29.0, 30.8, 32.6, 33.8, 34.8, 35.8, 37.2]
['Uzbekistan', 0.0, 0.0, 0.0, 0.0, 0.0, 0.0, 0.0, 0.0, 0.0, 0.2, 2.0, 2.0, 3.0, 4.0, 5.0, 7.6, 8.6, 9.8, 10.0, 10.8, 12.8, 13.2, 14.2, 15.6, 17.8, 19.0, 19.0, 19.2, 22.2, 29.4, 45.6, 63.8, 82.8, 102.6, 125.6, 152.2, 210.2]
['Venezuela', 0.0, 0.0, 0.0, 0.0, 0.0, 0.0, 0.0, 0.0, 0.0, 0.2, 2.6, 6.6, 8.6, 9.0, 9.2, 10.0, 11.2, 10.0, 10.0, 10.0, 10.0, 10.2, 12.8, 19.0, 22.4, 24.2, 29.2, 36.0, 45.2, 59.4, 75.4, 92.6, 109.8, 129.0, 150.6, 174.8, 247.8]
['Vietnam', 0.0, 0.0, 0.0, 0.0, 0.0, 0.0, 0.0, 0.0, 0.0, 0.0, 0.0, 0.0, 0.0, 0.0, 0.0, 0.0, 0.0, 0.0, 0.0, 0.0, 0.0, 0.0, 0.0, 0.0, 0.0, 0.0, 0.0, 0.0, 0.0, 0.0, 0.0, 0.0, 0.0, 0.0, 0.0, 5.4, 18.4]
['West Bank and Gaza', 0.0, 0.0, 0.0, 0.0, 0.0, 0.0, 0.0, 0.0, 0.0, 0.4, 1.0, 1.0, 1.4, 2.0, 2.0, 2.0, 2.0, 2.0, 2.0, 2.0, 2.0, 2.8, 3.0, 3.0, 3.0, 3.0, 3.0, 3.0, 4.8, 11.4, 21.2, 39.2, 57.6, 68.4, 78.8, 83.8, 104.2]
['Western Sahara', 0.0, 0.0, 0.0, 0.0, 0.0, 0.0, 0.0, 0.0, 0.0, 0.0, 0.0, 0.0, 0.0, 0.0, 0.0, 0.0, 0.0, 0.0, 0.0, 0.0, 0.0, 0.2, 1.0, 1.0, 1.0, 1.0, 1.0, 1.0, 1.0, 1.0, 1.0, 1.0, 1.0, 1.0, 1.0, 1.0, 1.0]
['Yemen', 0.0, 0.0, 0.0, 0.0, 0.0, 0.0, 0.0, 0.0, 0.0, 0.0, 0.0, 0.0, 0.0, 0.0, 0.0, 0.0, 0.8, 3.0, 7.2, 13.4, 26.2, 41.4, 66.4, 96.0, 118.2, 161.4, 242.2, 267.2, 301.4, 330.6, 353.8, 413.6, 442.6, 463.6, 483.6, 497.8, 525.0]
['Zambia', 0.0, 0.0, 0.0, 0.0, 0.0, 0.0, 0.0, 0.0, 0.0, 0.0, 0.0, 1.0, 1.4, 2.0, 2.6, 3.0, 3.0, 3.2, 5.8, 7.0, 7.0, 7.0, 7.0, 7.0, 8.8, 10.4, 11.0, 15.2, 22.0, 30.0, 39.6, 42.0, 103.8, 133.0, 143.2, 166.0, 246.0]
['Zimbabwe', 0.0, 0.0, 0.0, 0.0, 0.0, 0.0, 0.0, 0.0, 0.0, 1.0, 1.0, 1.0, 2.8, 3.0, 3.0, 4.0, 4.0, 4.0, 4.0, 4.0, 4.0, 4.0, 4.0, 4.0, 4.0, 4.0, 4.0, 6.0, 6.4, 7.4, 9.8, 19.0, 24.6, 29.2, 40.8, 73.4, 117.2]
['Australia', 0.0, 0.0, 0.0, 0.0, 0.4, 1.8, 3.0, 3.4, 6.6, 9.8, 16.4, 29.8, 49.4, 59.4, 63.8, 73.8, 86.8, 92.8, 94.0, 95.0, 96.8, 99.0, 100.0, 99.0, 99.0, 99.0, 99.0, 100.0, 101.0, 101.4, 103.2, 106.6, 118.0, 137.0, 174.8, 218.8, 356.6]
['Canada', 0.0, 0.0, 0.0, 0.0, 0.0, 0.0, 0.8, 2.4, 13.2, 33.0, 78.2, 209.4, 469.0, 886.6, 1537.4, 2325.4, 3080.4, 3905.4, 4717.6, 5437.2, 5933.0, 6417.4, 6948.2, 7446.6, 7780.4, 8015.2, 8212.0, 8366.8, 8447.4, 8559.4, 8623.0, 8675.6, 8722.6, 8743.2, 8767.2, 8794.2, 8833.6]
['China', 908.8, 1481.8, 2085.8, 2567.0, 2825.8, 3006.2, 3133.0, 3198.6, 3249.2, 3279.4, 3301.2, 3323.2, 3332.8, 3339.0, 4630.0, 4630.2, 4631.0, 4631.0, 4631.0, 4631.2, 4632.0, 4632.0, 4632.0, 4632.0, 4632.0, 4632.0, 4632.2, 4633.8, 4635.0, 4635.0, 4635.0, 4635.8, 4639.4, 4643.4, 4650.4, 4663.0, 4690.0]
['Denmark', 0.0, 0.0, 0.0, 0.0, 0.0, 0.0, 0.0, 2.0, 9.0, 36.6, 81.6, 157.8, 233.0, 297.4, 354.2, 404.2, 443.2, 492.2, 524.8, 535.4, 552.2, 562.0, 569.2, 580.8, 591.0, 595.8, 599.2, 602.2, 604.4, 606.0, 608.6, 609.6, 610.8, 612.0, 613.6, 615.4, 620.8]
['France', 0.0, 0.4, 1.0, 1.2, 2.2, 6.8, 33.4, 111.8, 416.6, 1398.4, 3180.8, 7302.2, 12104.8, 16044.0, 19758.2, 22183.8, 24004.0, 25242.2, 26312.0, 27311.6, 28145.2, 28397.0, 28711.0, 28996.0, 29225.6, 29392.8, 29593.0, 29696.0, 29788.0, 29870.0, 29935.2, 30011.2, 30121.2, 30143.6, 30177.6, 30230.2, 30316.0]
['Netherlands', 0.0, 0.0, 0.0, 0.0, 0.0, 0.4, 4.0, 21.8, 111.0, 365.0, 897.4, 1625.4, 2386.8, 2999.8, 3691.8, 4292.8, 4709.6, 5112.8, 5407.6, 5610.0, 5737.4, 5836.4, 5937.4, 5995.2, 6037.6, 6070.6, 6093.4, 6109.4, 6121.6, 6136.2, 6148.6, 6151.4, 6151.6, 6153.6, 6162.8, 6164.2, 6175.2]
['United Kingdom', 0.0, 0.0, 0.0, 0.0, 0.0, 0.6, 5.6, 45.8, 201.4, 721.8, 2141.8, 5154.2, 9608.8, 14082.6, 18577.4, 22738.2, 26100.4, 29056.0, 31571.4, 33702.0, 35431.0, 37100.0, 38629.6, 39826.0, 40898.0, 41757.0, 42483.6, 43031.2, 43640.8, 44175.0, 44564.2, 44978.6, 45332.4, 45663.4, 45954.8, 46275.4, 46739.6]
